%YAML:1.0
---
cameraMatrix: !!opencv-matrix
   rows: 3
   cols: 3
   dt: d
   data: [ 3271.363525262987, 0., 1799.9268315444322, 0.,
       3297.0325829805902, 1700.5420753259293, 0., 0., 1. ]
distCoeffs: !!opencv-matrix
   rows: 1
   cols: 5
   dt: d
   data: [ -0.14763772658265639, 0.32179565542583155,
       -0.0075483891799361597, -0.00020074929735247488,
       -0.40048410974728793 ]
