this.transform.localToWorldMatrix
0.00000	0.50000	0.86603	-0.20000
0.00000	0.86603	-0.50000	0.15000
-1.00000	0.00000	0.00000	0.00000
0.00000	0.00000	0.00000	1.00000
this.transform.worldToLocalMatrix
0.00000	0.00000	-1.00000	0.00000
0.50000	0.86603	0.00000	-0.02990
0.86603	-0.50000	0.00000	0.24821
0.00000	0.00000	0.00000	1.00000