this.transform.localToWorldMatrix
0.00000	0.86603	0.50000	-0.15000
0.00000	0.50000	-0.86603	0.25000
-1.00000	0.00000	0.00000	0.00000
0.00000	0.00000	0.00000	1.00000
this.transform.worldToLocalMatrix
0.00000	0.00000	-1.00000	0.00000
0.86603	0.50000	0.00000	0.00490
0.50000	-0.86603	0.00000	0.29151
0.00000	0.00000	0.00000	1.00000