this.transform.localToWorldMatrix
1.00000	0.00000	0.00000	0.00000
0.00000	0.86603	-0.50000	0.20000
0.00000	0.50000	0.86603	-0.30000
0.00000	0.00000	0.00000	1.00000
this.transform.worldToLocalMatrix
1.00000	0.00000	0.00000	0.00000
0.00000	0.86603	0.50000	-0.02321
0.00000	-0.50000	0.86603	0.35981
0.00000	0.00000	0.00000	1.00000