this.transform.localToWorldMatrix
-1.00000	0.00000	0.00000	0.00000
0.00000	0.50000	-0.86603	0.27500
0.00000	-0.86603	-0.50000	0.17500
0.00000	0.00000	0.00000	1.00000
this.transform.worldToLocalMatrix
-1.00000	0.00000	0.00000	0.00000
0.00000	0.50000	-0.86603	0.01405
0.00000	-0.86603	-0.50000	0.32566
0.00000	0.00000	0.00000	1.00000