this.transform.localToWorldMatrix
0.70711	-0.50000	-0.50000	0.17500
0.00000	0.70711	-0.70711	0.20000
0.70711	0.50000	0.50000	-0.17500
0.00000	0.00000	0.00000	1.00000
this.transform.worldToLocalMatrix
0.70711	0.00000	0.70711	0.00000
-0.50000	0.70711	0.50000	0.03358
-0.50000	-0.70711	0.50000	0.31642
0.00000	0.00000	0.00000	1.00000